>> A = [3/4 1/6 ; 1/4 1/4]
A =

   0.7500   0.1667
   0.2500   0.2500

>> eig(A)
ans =

   0.8227
   0.1773

>> max(abs(eig(A)))
ans = 0.8227