>> A = [80 -50 -30 0 ; -50 100 -10 -25 ; -30 -10 65 -20 ; 0 -25 -20 100]
A =

    80   -50   -30     0
   -50   100   -10   -25
   -30   -10    65   -20
     0   -25   -20   100

>> b = [120 0 0 0]'
b =

   120
     0
     0
     0

>> x = doolittle_p_sol(A,b)
x =

   4.1824
   2.6646
   2.7121
   1.2086
