>> [1 2 3 -4]

ans =

   1   2   3  -4

>> [1 2 3 -4]'

ans =

   1
   2
   3
  -4

>> -2.5:0.5:1

ans =

   -2.5000   -2.0000   -1.5000   -1.0000   -0.5000         0    0.5000    1.0000

>> (-2.5:0.5:1)'

ans =

  -2.5000
  -2.0000
  -1.5000
  -1.0000
  -0.5000
        0
   0.5000
   1.0000

>> [-3:2:4]

ans =

  -3  -1   1   3
