>> p = [2 3 5 7]
p =

   2   3   5   7

>> polyout(p,'x')
2*x^3 + 3*x^2 + 5*x^1 + 7
>> x=5
x = 5
>> polyval(p,x)
ans = 357
>> roots(p)
ans =

  -0.0272 + 1.5558i
  -0.0272 - 1.5558i
  -1.4455 +      0i
