>> A = [1 2 3;4 5 6;7 8 9]
A =

   1   2   3
   4   5   6
   7   8   9

>> B = A'
B =

   1   4   7
   2   5   8
   3   6   9

>> C = [-3.2,5,7.4,6;4,17,-1.3,2.1;5.9,-6,0,4.5]
C =

   -3.2000    5.0000    7.4000    6.0000
    4.0000   17.0000   -1.3000    2.1000
    5.9000   -6.0000         0    4.5000

>> mat = C'
mat =

   -3.2000    4.0000    5.9000
    5.0000   17.0000   -6.0000
    7.4000   -1.3000         0
    6.0000    2.1000    4.5000

>> C(1:2,2:4)
ans =

    5.0000    7.4000    6.0000
   17.0000   -1.3000    2.1000

>> C(:,3)
ans =

   7.4000
  -1.3000
        0

>> C(2,:)
ans =

    4.0000   17.0000   -1.3000    2.1000

>> zeros(5,2)
ans =

   0   0
   0   0
   0   0
   0   0
   0   0

>> ones(2,3)
ans =

   1   1   1
   1   1   1

>> v = diag(A)
v =

   1
   5
   9

>> D = diag(v,1)
D =

   0   1   0   0
   0   0   5   0
   0   0   0   9
   0   0   0   0

>> E = diag(v,-1)
E =

   0   0   0   0
   1   0   0   0
   0   5   0   0
   0   0   9   0

>> F = diag(5*ones(3,1),0)+diag(ones(2,1),-1)+diag(-3*ones(2,1),1)
F =

   5  -3   0
   1   5  -3
   0   1   5