>> A = [4 7 2 ; 8 3 1 ; 3 4 6]
A =

   4   7   2
   8   3   1
   3   4   6

>> b = [1 2 3]'
b =

   1
   2
   3

>> x1 = inv(A)*b
x1 =

   0.2394
  -0.1268
   0.4648

>> x2 = A\b
x2 =

   0.2394
  -0.1268
   0.4648
