>> A = [1 -2 3 0 ; 3 -6 9 3 ; 2 1 4 1 ; 1 -2 2 -2]
A =

   1  -2   3   0
   3  -6   9   3
   2   1   4   1
   1  -2   2  -2

>> [A1, r, L, U, P, Z, Z1] = doolittle_p(A)
A1 =

   0.3333        0        0  -1.0000
   3.0000  -6.0000   9.0000   3.0000
   0.6667   5.0000  -2.0000  -1.0000
   0.3333        0  -1.0000  -3.0000

r =

   2   3   4   1

L =

   1.0000        0        0        0
   0.6667   1.0000        0        0
   0.3333        0   1.0000        0
   0.3333        0        0   1.0000

U =

   3  -6   9   3
   0   5  -2  -1
   0   0  -1  -3
   0   0   0  -1

P =

Permutation Matrix

   0   1   0   0
   0   0   1   0
   0   0   0   1
   1   0   0   0

Z =

   3  -6   9   3
   2   1   4   1
   1  -2   2  -2
   1  -2   3   0

Z1 =

   3  -6   9   3
   2   1   4   1
   1  -2   2  -2
   1  -2   3   0


Podemos observar que Z = Z1, donde Z=PA y Z1 = LU, por lo que se cumple lo solicitado en el ejercicio.