>> x = [0 1 3/2 2]; y = [3 3 13/4 5/3];
>> [P c] = PolIntNewton(x,y)
c =

   3.0000        0   0.3333  -2.0000

P =

  -2.0000   5.3333  -3.3333   3.0000

c =

   3.0000        0   0.3333  -2.0000

>> f = @(v) polyval(P,v)
f =

@(v) polyval (P, v)

>> graphFunction(f,0,2,100,'-b')
>> plot(x,y,'ro')
>>